First,Last,Email
Geroald,Kay,student1@email.com
Kybele,Finnbarr,student2@email.com
Linnea,Philippa,student3@email.com
Victoria,Romana,student4@email.com
Dzvonimir,Caron,student5@email.com
Gautama,Lesego,student6@email.com
Jodi,Janka,student7@email.com
Ariadna,Raj,student8@email.com
Nurgul,Sunshine,student9@email.com
Basit,Ishvi,student10@email.com